0
0
0
1
2
2
4
4
2
0
9
3
5
12
4
8
15
3
11
18
15
6
11
9
22
13
21
11
11
12
3
2
4
18
12
0
21
9
12
33
22
37
38
37
43
15
0
42
21
23
33
10
33
41
37
33
10
3
26
49
38
51
27
50
28
56
3
59
3
59
40
44
10
44
65
18
35
39
71
14
43
2
61
4
20
0
69
14
47
20
58
84
72
18
7
38
49
11
9
18
39
23
23
26
80
0
22
80
96
57
81
64
42
72
36
46
115
16
21
45
82
118
20
61
118
63
73
90
23
119
70
13
27
39
19
48
17
85
72
50
58
4
138
89
103
130
122
69
126
123
57
48
58
94
126
115
152
125
72
28
13
2
126
44
98
100
128
58
75
128
134
34
89
105
55
7
122
127
174
119
129
81
128
171
99
110
162
4
2
169
50
26
58
39
69
59
80
45
54
87
169
46
188
74
76
90
14
184
34
152
147
200
176
16
90
112
70
14
158
0
115
157
33
97
114
118
115
9
52
196
136
138
230
17
206
68
93
75
165
16
235
177
29
130
9
16
165
204
122
97
74
85
150
249
180
208
16
186
22
235
138
25
196
74
202
136
89
232
86
55
167
158
5
143
223
165
204
192
218
256
119
40
144
266
90
173
267
247
96
61
52
12
275
180
70
153
185
43
107
190
170
74
153
68
120
132
80
275
5
120
23
38
233
101
231
221
59
152
18
106
151
165
111
122
292
72
116
18
118
39
249
59
53
155
5
253
269
285
25
267
23
133
136
156
314
62
19
337
301
296
110
100
256
224
257
173
338
5
282
217
344
17
256
158
80
254
105
118
93
176
93
226
365
158
356
154
53
168
149
129
165
16
233
336
336
150
77
186
300
47
207
380
128
339
224
258
176
89
102
258
347
18
302
154
271
238
127
122
147
13
30
361
362
154
286
234
31
6
399
325
286
326
313
265
75
43
47
277
244
83
314
62
394
328
210
60
328
253
241
124
188
229
320
237
190
123
146
273
302
64
187
88
427
95
229
250
47
401
255
33
336
270
150
127
52
147
234
211
329
193
194
406
16
3
195
25
144
207
384
204
318
357
400
181
136
318
193
282
397
277
280
222
424
77
323
234
399
113
487
447
250
68
97
459
363
495
7
257
227
236
463
471
443
209
363
482
170
332
162
388
75
36
264
175
435
35
210
372
132
251
120
296
40
428
504
3
30
4
436
156
374
376
130
243
156
390
455
103
225
260
528
62
436
13
425
520
130
135
260
410
225
390
77
483
327
358
246
258
505
257
429
540
104
488
22
274
473
15
98
472
302
253
322
566
378
334
537
579
476
185
451
85
490
395
520
420
76
120
215
476
461
508
567
582
326
583
493
2
455
363
159
85
308
331
173
253
110
143
475
514
79
425
517
622
9
522
186
304
500
300
414
378
485
88
371
632
329
367
92
473
540
377
314
304
352
616
304
558
436
297
316
459
376
575
312
190
180
112
33
93
345
49
321
454
137
633
394
564
499
151
331
501
440
634
574
344
563
143
394
575
260
474
182
642
73
329
180
48
664
592
212
389
291
243
146
685
683
328
574
571
503
500
422
392
667
656
399
659
635
314
121
486
257
688
105
673
354
257
99
368
374
500
126
687
83
66
392
301
240
123
649
41
350
105
175
663
5
183
279
143
451
197
535
206
316
743
613
89
264
733
197
636
353
9
240
287
291
423
131
748
125
233
379
608
353
332
514
477
47
698
735
415
295
349
614
491
361
292
62
592
152
401
556
675
738
609
654
281
260
484
666
214
458
143
234
212
746
648
107
513
282
616
502
161
572
337
486
230
198
685
399
672
371
610
72
288
169
25
88
410
228
19
643
294
300
324
227
577
528
584
457
318
677
448
363
409
106
453
739
773
294
442
381
207
237
128
161
836
283
436
312
588
441
826
90
666
315
756
99
2
610
310
676
646
842
262
772
259
632
184
373
242
344
126
793
414
763
848
186
135
431
657
177
375
387
684
855
35
200
100
209
702
301
513
288
371
878
632
831
155
258
80
94
349
701
849
743
795
281
415
364
508
395
651
878
544
13
229
587
474
293
704
225
70
571
450
732
509
841
571
670
468
508
260
528
201
16
150
27
150
35
290
697
657
137
204
410
609
1
600
540
524
787
444
446
703
943
841
205
268
73
946
774
539
714
365
724
59
898
426
200
393
193
880
696
424
365
603
659
95
515
237
795
820
367
113
766
283
193
219
133
260
413
395
795
214
55
629
569
455
773
